1 0.000100726 0.00029124 0.000448844 0.000557376 0.0006118
2 5.56415e-05 0.000196184 0.000336126 0.00043647 0.000478948
3 5.60604e-05 0.000197171 0.000348336 0.000463833 0.000512538
4 5.42703e-05 0.000190713 0.000341438 0.00045927 0.000508798
5 5.42583e-05 0.000190015 0.000341195 0.000460944 0.000511441
6 5.41475e-05 0.000189429 0.000340485 0.0004608 0.00051163
7 5.41362e-05 0.000189295 0.000340316 0.000460905 0.000511914
8 5.41265e-05 0.00018923 0.000340216 0.000460905 0.000511988
9 5.41242e-05 0.000189209 0.000340181 0.000460911 0.000512029
10 5.41231e-05 0.000189201 0.000340165 0.000460912 0.000512044
11 5.41227e-05 0.000189198 0.000340159 0.000460912 0.000512051
12 5.41225e-05 0.000189197 0.000340156 0.000460912 0.000512054
13 5.41225e-05 0.000189197 0.000340155 0.000460912 0.000512055
14 5.41224e-05 0.000189196 0.000340155 0.000460912 0.000512055
15 5.41224e-05 0.000189196 0.000340155 0.000460912 0.000512055