1 2.61498e-05 7.66769e-05 0.000122371 0.000159934 0.000187563
2 3.05128e-05 9.53741e-05 0.000158345 0.000210174 0.000244704
3 3.08704e-05 9.8563e-05 0.000166087 0.000222023 0.000256845
4 3.08465e-05 9.89799e-05 0.000167554 0.000224393 0.000258879
5 3.08289e-05 9.90145e-05 0.000167823 0.000224863 0.000259182
6 3.0824e-05 9.90123e-05 0.000167873 0.00022496 0.000259221
7 3.08229e-05 9.90102e-05 0.000167883 0.000224982 0.000259224
8 3.08227e-05 9.90095e-05 0.000167884 0.000224987 0.000259223
9 3.08226e-05 9.90093e-05 0.000167885 0.000224988 0.000259223
10 3.08226e-05 9.90092e-05 0.000167885 0.000224988 0.000259222
11 3.08226e-05 9.90092e-05 0.000167885 0.000224988 0.000259222
12 3.08226e-05 9.90092e-05 0.000167885 0.000224988 0.000259222
13 3.08226e-05 9.90092e-05 0.000167885 0.000224988 0.000259222
14 3.08226e-05 9.90092e-05 0.000167885 0.000224988 0.000259222
15 3.08226e-05 9.90092e-05 0.000167885 0.000224988 0.000259222